0 0 -180 -0.7 0.46 0 0 0 0 90 30 90 70 0 0 90 -30 -90 70 0 0 180 0 0 0 0 0 180 0 0 0 0 0 0 0 0 0 0 0 0.7 0.2 0 0 0 0 
0 0 -180 -0.7 0.46 -0.2 0 90 0 150 30 90 70 0 0 30 -30 -90 70 0 0 120 0 0 120 0 0 180 0 0 0 0 0 60 0 0 -60 0 0 0.7 0.2 0.2 0 -90 0 
0 0 -180 -0.7 0.46 -0.4 0 180 0 90 30 90 70 0 0 90 -30 -90 70 0 0 180 0 0 0 0 0 180 0 0 0 0 0 0 0 0 0 0 0 0.7 0.2 0.4 0 -180 0 
0 0 -180 -0.35 0.46 -0.4 0 270 0 30 30 90 70 0 0 150 -30 -90 70 0 0 180 0 0 0 0 0 120 0 0 120 0 0 -60 0 0 60 0 0 0.35 0.2 0.4 0 -270 0 

0 0 -180 0 0.46 -0.4 0 0 0 90 30 90 70 0 0 90 -30 -90 70 0 0 180 0 0 0 0 0 180 0 0 0 0 0 0 0 0 0 0 0 0 0.2 0.4 0 0 0 
0 0 -180 0.35 0.46 -0.4 0 90 0 150 30 90 70 0 0 30 -30 -90 70 0 0 120 0 0 120 0 0 180 0 0 0 0 0 60 0 0 -60 0 0 -0.35 0.2 0.4 0 -90 0 
0 0 -180 0.7 0.46 -0.4 0 180 0 90 30 90 70 0 0 90 -30 -90 70 0 0 180 0 0 0 0 0 180 0 0 0 0 0 0 0 0 0 0 0 -0.7 0.2 0.4 0 -180 0 
0 0 -180 0.7 0.46 -0.2 0 270 0 30 30 90 70 0 0 150 -30 -90 70 0 0 180 0 0 0 0 0 120 0 0 120 0 0 -60 0 0 60 0 0 -0.7 0.2 0.2 0 -270 0 

0 0 -180 0.7 0.46 0 0 0 0 90 30 90 70 0 0 90 -30 -90 70 0 0 180 0 0 0 0 0 180 0 0 0 0 0 0 0 0 0 0 0 -0.7 0.2 0 0 0 0 
0 0 -180 0.7 0.46 0.2 0 90 0 150 30 90 70 0 0 30 -30 -90 70 0 0 120 0 0 120 0 0 180 0 0 0 0 0 60 0 0 -60 0 0 -0.7 0.2 -0.2 0 -90 0 
0 0 -180 0.7 0.46 0.4 0 180 0 90 30 90 70 0 0 90 -30 -90 70 0 0 180 0 0 0 0 0 180 0 0 0 0 0 0 0 0 0 0 0 -0.7 0.2 -0.4 0 -180 0 
0 0 -180 0.35 0.46 0.4 0 270 0 30 30 90 70 0 0 150 -30 -90 70 0 0 180 0 0 0 0 0 120 0 0 120 0 0 -60 0 0 60 0 0 -0.35 0.2 -0.4 0 -270 0 

0 0 -180 0 0.46 0.4 0 0 0 90 30 90 70 0 0 90 -30 -90 70 0 0 180 0 0 0 0 0 180 0 0 0 0 0 0 0 0 0 0 0 0 0.2 -0.4 0 0 0 
0 0 -180 -0.35 0.46 0.4 0 90 0 150 30 90 70 0 0 30 -30 -90 70 0 0 120 0 0 120 0 0 180 0 0 0 0 0 60 0 0 -60 0 0 0.35 0.2 -0.4 0 -90 0 
0 0 -180 -0.7 0.46 0.4 0 180 0 90 30 90 70 0 0 90 -30 -90 70 0 0 180 0 0 0 0 0 180 0 0 0 0 0 0 0 0 0 0 0 0.7 0.2 -0.4 0 -180 0 
0 0 -180 -0.7 0.46 0.2 0 270 0 30 30 90 70 0 0 150 -30 -90 70 0 0 180 0 0 0 0 0 120 0 0 120 0 0 -60 0 0 60 0 0 0.7 0.2 -0.2 0 -270 0 

0 0 -180 -0.7 0.46 0 0 0 0 90 30 90 70 0 0 90 -30 -90 70 0 0 180 0 0 0 0 0 180 0 0 0 0 0 0 0 0 0 0 0 0.7 0.2 0 0 0 0 